l = 0.5, d = 2.0
N_пересечений/N_общ,     Оценка π,    Погрешность, Совпадающие цифры
15916080   /100000000    3.141477047  0.000115606  5
15919208   /100000000    3.140859771  0.000732882  4
15916673   /100000000    3.141360007  0.000232647  5
15921457   /100000000    3.140416106  0.001176547  4
15916462   /100000000    3.141401651  0.000191003  5
15913251   /100000000    3.142035527  0.000442874  4
15918395   /100000000    3.141020185  0.000572469  5
15919600   /100000000    3.140782432  0.000810222  4
15914512   /100000000    3.141786566  0.000193912  5
15924771   /100000000    3.139762575  0.001830079  3
15921807   /100000000    3.140347072  0.001245581  4
159158248  /1000000000   3.141527419  0.000065235  6
159154328  /1000000000   3.141604795  0.000012141  5
159163163  /1000000000   3.141430407  0.000162246  5
159163652  /1000000000   3.141420756  0.000171898  5
159138262  /1000000000   3.141921960  0.000329306  5
159161195  /1000000000   3.141469251  0.000123403  5
159165717  /1000000000   3.141380000  0.000212654  5
159155418  /1000000000   3.141583279  0.000009374  6
159142501  /1000000000   3.141838270  0.000245616  5
159152579  /1000000000   3.141639320  0.000046666  5
159160190  /1000000000   3.141489087  0.000103566  5
1591583353 /10000000000  3.141525696  0.000066958  6
1591576026 /10000000000  3.141540158  0.000052496  6
1591580691 /10000000000  3.141530950  0.000061704  6
1591576205 /10000000000  3.141539805  0.000052849  6
1591547032 /10000000000  3.141597389  0.000004735  7
1591572605 /10000000000  3.141546910  0.000045743  6
1591560943 /10000000000  3.141569930  0.000022724  6
1591571713 /10000000000  3.141548671  0.000043982  6
1591558378 /10000000000  3.141574993  0.000017661  6
1591573660 /10000000000  3.141544828  0.000047826  6
1591576942 /10000000000  3.141538350  0.000054304  6
